12
plane.obj
fence.obj
fence.obj
fence.obj
fence.obj
fence.obj
fence.obj
fence.obj
fence.obj
fence.obj
fence.obj
fence.obj

0 0 0 0 0 0
0 0 0 0 0 0

1 1 1
0.2 0.2 0.2
0.2 0.2 0.2
0.2 0.2 0.2
0.2 0.2 0.2
0.2 0.2 0.2
0.2 0.2 0.2
0.2 0.2 0.2
0.2 0.2 0.2
0.2 0.2 0.2
0.2 0.2 0.2
0.2 0.2 0.2

0 0 0
0 0.08 0
0.03 0.08 0.05
0.06 0.08 0.10
0.09 0.08 0.15
0.12 0.08 0.20
0.15 0.08 0.25
-0.03 0.08 -0.05
-0.06 0.08 -0.1
-0.09 0.08 -0.15
-0.12 0.08 -0.20
-0.15 0.08 -0.25

