1.863124
-0.034352
-0.005448
0.146945
0.003535
0.000017
-0.378336
0.116273
0.383849
0.035142
0.004038
0.033072
0.024011
-1.120337
-0.012321
0.249033
2.024516
0.681574
-0.056213
0.233629
0.698432
-0.140437
0.032683
0.050113
-0.153209
0.400836
0.154165
0.759615
0.042732
-0.037489
-0.055240
0.156387
0.106411
0.000042
-0.000029
0.122874
0.000076
-0.000030
-0.029710
-0.000097
0.051560
0.000076
-0.000037
-0.000026
0.000128
0.000005
-0.000134
0.000112
3.534120
0.007497
-0.005732
0.027085
-0.013633
0.002648
0.014487
0.010231
-0.026019
0.022062
-0.008853
-0.005031
0.011724
-0.017897
-0.012941
0.024409
0.045394
0.022121
0.001158
0.065858
0.036032
0.001492
-0.037946
0.000667
0.043466
0.035821
0.001991
-0.009810
0.000231
-0.035129
0.000071
0.021361
